1297 1895 2493 1308 1907 2508 1392 1989 2591 1303 1901 2499 698 709 790 704 3092 3692 4291 3107 3705 4305 3190 3790 4389 3098 3698 4298 1287 2489 
3688 1306 1905 2504 3105 3704 4305 92 706 2555 3752 4955 1936 2537 3137 3737 4337 4935 1357 1337 2558 3753 4950 1940 2538 3139 3737 4336 4936 1362 
1342 1289 1890 2488 1303 1906 2503 1388 1987 2587 1295 1896 2494 691 705 789 698 3091 3689 4292 3104 3703 4305 3187 3785 4387 3097 3696 4298 1288 
2487 3686 1305 1905 2505 3106 3704 4306 88 705 2550 3747 4947 1935 2536 3137 3736 4336 4935 1355 1335 2548 3743 4941 1935 2535 3133 3733 4332 4931 
1350 1336 1292 1895 2495 1301 1904 2504 1386 1986 2588 1298 1901 2501 692 705 787 698 3133 3699 4301 3105 3704 4305 3188 3787 4387 3139 3705 4307 
1286 2487 3687 1303 1905 2505 3105 3703 4305 86 706 2549 3748 4950 1935 2536 3136 3737 4337 4938 1347 1335 2542 3743 4945 1932 2532 3133 3733 4334 
4936 1341 1331 1302 1905 2505 1306 1906 2506 1388 1990 2590 1308 1911 2511 701 705 787 707 3107 3708 4309 3110 3708 4310 3191 3789 4390 3113 3714 
4315 1286 2490 3692 1306 1905 2506 3106 3705 4306 87 705 2551 3751 4955 1937 2537 3138 3738 4338 4939 1350 1338 2549 3754 4958 1935 2537 3138 3739 
4340 4939 1345 1336 1308 1911 2508 1308 1909 2511 1392 1992 2593 1314 1917 2515 709 710 790 715 3109 3697 4307 3111 3710 4312 3193 3793 4393 3115 
3703 4313 1293 2495 3696 1307 1907 2508 3109 3711 4307 92 706 2556 3757 4958 1939 2539 3139 3738 4339 4940 1355 1339 2563 3765 4967 1941 2542 3143 
3743 4344 4943 1358 1339 1281 1904 2503 1311 1912 2510 1392 1992 2592 1287 1910 2509 707 712 793 713 3102 3700 4298 3110 3711 4309 3192 3791 4390 
3108 3706 4304 1296 2495 3692 1308 1907 2506 3107 3708 4306 96 707 2557 3758 4957 1939 2537 3138 3738 4339 4937 1358 1340 2565 3763 4962 1944 2543 
3144 3742 4344 4942 1367 1343 1932 2530 3131 1930 2530 3130 1848 2449 3048 1926 2524 3125 1331 1333 1249 1325 3729 4332 4930 3728 4330 4928 3647 4247 
4848 3723 4326 4924 2553 3753 4956 1937 2536 3137 3736 4336 4936 1353 1338 1291 2490 3692 1308 1906 2507 3107 3706 4307 91 706 1289 2490 3692 1307 
1918 2506 3107 3707 4308 89 706 1933 2532 3133 1930 2529 3129 1848 2447 3048 1927 2525 3126 1330 1328 1248 1324 3734 4335 4935 3729 4328 4930 3648 
4248 4848 3727 4328 4929 2551 3752 4949 1936 2537 3137 3735 4336 4937 1356 1336 1291 2490 3685 1306 1907 2505 3105 3705 4304 92 707 1292 2493 3692 
1307 1907 2508 3106 3708 4309 92 708 1938 2539 3140 1931 2530 3130 1847 2448 3047 1931 2533 3134 1335 1330 1248 1329 3742 4340 4943 3731 4330 4932 
3648 4247 4848 3735 4334 4937 2550 3751 4949 1937 2537 3136 3736 4336 4937 1349 1337 1285 2487 3688 1304 1906 2505 3105 3706 4305 85 704 1293 2494 
3692 1307 1909 2508 3109 3709 4308 92 709 1942 2544 3145 1933 2534 3133 1848 2449 3049 1936 2538 3138 1343 1332 1248 1337 3744 4344 4943 3734 4334 
4934 3648 4249 4848 3738 4338 4937 2552 3756 4954 1937 2537 3138 3737 4338 4938 1349 1337 1289 2489 3691 1306 1906 2508 3107 3707 4308 88 705 1293 
2493 3690 1309 1908 2508 3109 3707 4307 92 708 1944 2542 3143 1936 2537 3136 1850 2451 3051 1938 2536 3137 1343 1334 1248 1337 3740 4340 4938 3734 
4336 4932 3651 4250 4851 3734 4334 4932 2559 3757 4957 1940 2539 3138 3739 4339 4938 1354 1338 1293 2494 3691 1307 1909 2507 3107 3705 4306 91 708 
1291 2490 3688 1307 1908 2506 3107 3706 4304 90 707 1939 2535 3135 1934 2533 3133 1850 2450 3049 1933 2528 3129 1338 1332 1251 1332 3732 4334 4931 
3731 4332 4933 3648 4248 4849 3725 4327 4925 2558 3757 4953 1939 2538 3138 3739 4338 4938 1357 1338 1291 2494 3691 1305 1906 2506 3105 3706 4306 91 
706 1289 2489 3689 1305 1904 2505 3106 3705 4306 88 704 