2 4 4 3 3 5 5 4 4 3 4 4 226 227 228 226 3 3 4 4 3 3 3 5 4 3 3 5 4 3 
4 3 3 4 4 3 4 228 227 3 2 3 3 2 4 3 3 4 227 226 3 2 3 5 4 4 3 4 4 227 
228 3 4 4 3 3 4 5 4 4 3 5 4 226 227 228 227 4 3 5 4 3 3 3 5 4 4 4 5 4 
3 4 3 2 4 4 3 5 228 226 3 2 3 2 2 3 3 2 4 227 226 2 2 3 4 4 3 3 4 4 
227 228 3 5 4 3 3 5 5 4 4 4 5 5 227 227 228 227 4 3 5 4 3 3 3 5 4 4 4 5 
4 3 4 3 3 4 4 3 5 228 227 3 2 3 3 2 4 3 3 4 227 226 3 2 3 4 4 4 3 5 
4 227 228 3 5 4 3 3 4 5 4 4 4 5 5 227 227 228 227 4 3 5 4 3 3 3 5 4 4 4 
5 4 4 5 3 3 4 4 3 5 228 227 3 3 4 3 2 4 3 3 5 227 226 4 3 4 5 4 4 4 
5 5 227 228 3 5 4 3 3 4 5 4 4 3 5 4 227 227 228 227 3 3 4 4 3 3 3 5 4 4 
3 5 5 4 5 4 3 5 4 4 5 229 227 4 3 4 3 2 4 3 3 4 228 227 4 3 4 5 5 4 
4 5 5 228 229 2 4 4 3 3 4 5 4 4 3 4 4 226 227 228 227 3 3 4 4 3 3 3 5 4 
3 3 4 5 4 4 3 3 4 4 3 5 229 227 4 2 3 3 2 4 3 3 4 228 226 4 2 3 5 5 
4 3 5 4 228 229 3 4 4 3 2 4 3 3 2 2 4 3 226 226 227 226 3 3 4 3 3 2 2 3 
3 3 2 4 3 2 4 3 2 4 3 3 4 227 226 4 3 5 3 3 4 4 3 5 228 227 4 3 4 5 
5 4 4 5 5 229 229 3 4 4 3 2 4 3 3 2 3 4 4 226 226 227 226 4 3 5 3 2 2 2 
3 3 3 3 4 3 2 3 3 2 4 3 3 4 228 226 4 3 4 3 3 4 4 3 5 229 227 4 3 4 
5 5 4 4 5 5 228 229 3 5 4 3 2 4 3 3 2 3 4 4 227 226 227 226 4 3 5 3 2 2 
2 3 3 3 3 4 3 2 3 3 2 4 3 3 4 227 226 4 3 4 3 3 4 4 3 5 228 227 4 3 
4 5 5 4 4 5 5 228 229 3 5 4 3 2 4 3 3 2 3 4 4 227 226 227 226 3 3 4 3 3 
2 2 3 3 3 3 4 3 2 3 3 2 4 3 3 4 227 226 4 3 4 3 3 4 4 3 5 228 227 4 
3 4 6 5 4 4 5 5 228 229 3 4 4 3 2 4 3 3 2 2 4 3 226 226 227 226 3 3 4 3 
3 2 2 3 3 3 2 4 3 2 3 3 2 4 3 3 4 227 226 4 3 4 3 3 4 4 3 5 228 227 
4 4 5 5 5 4 4 5 5 228 229 3 4 4 3 2 4 3 3 2 2 4 3 226 226 227 226 3 3 4 
3 3 2 2 3 3 3 2 4 3 2 3 3 2 4 3 3 4 227 226 4 3 4 3 3 4 4 3 5 228 
227 5 4 5 5 5 4 4 5 5 229 229 