1299 1897 2496 1308 1907 2508 1391 1989 2590 1305 1904 2502 700 710 790 706 3094 3693 4292 3107 3705 4305 3189 3789 4387 3101 3700 4298 1288 2492 
3689 1308 1907 2505 3107 3706 4305 94 708 2557 3753 4956 1938 2538 3138 3738 4337 4936 1358 1339 2559 3755 4952 1941 2540 3140 3739 4337 4938 1362 
1343 1291 1891 2489 1303 1903 2502 1386 1986 2586 1297 1897 2496 692 705 787 698 3091 3689 4290 3103 3702 4302 3186 3785 4386 3097 3695 4296 1289 
2488 3687 1305 1904 2504 3105 3703 4304 89 705 2550 3748 4946 1936 2536 3135 3735 4335 4935 1356 1336 2549 3746 4943 1936 2536 3134 3733 4333 4932 
1352 1338 1289 1891 2491 1299 1901 2501 1385 1985 2586 1295 1898 2497 690 702 786 696 3093 3694 4297 3102 3701 4302 3186 3785 4386 3100 3700 4303 
1286 2486 3685 1303 1904 2503 3104 3702 4304 87 704 2547 3746 4948 1934 2535 3134 3735 4336 4937 1346 1335 2542 3742 4945 1932 2532 3132 3732 4333 
4935 1343 1332 1297 1900 2501 1302 1904 2504 1387 1987 2589 1303 1907 2507 697 702 786 703 3103 3703 4305 3107 3705 4307 3189 3789 4389 3109 3709 
4311 1285 2488 3690 1304 1904 2505 3105 3705 4305 85 704 2549 3750 4953 1935 2536 3136 3737 4337 4938 1348 1337 2547 3753 4955 1935 2536 3136 3738 
4339 4938 1345 1335 1304 1908 2507 1306 1907 2510 1391 1990 2591 1311 1914 2513 705 707 789 711 3108 3707 4307 3110 3709 4311 3191 3791 4392 3114 
3713 4313 1292 2494 3697 1306 1907 2508 3109 3708 4308 90 705 2556 3757 4959 1938 2539 3138 3739 4340 4940 1353 1338 2560 3763 4966 1940 2542 3142 
3743 4343 4943 1355 1338 1305 1905 2505 1310 1912 2511 1391 1991 2592 1312 1911 2511 707 711 792 713 3104 3702 4300 3111 3710 4310 3191 3791 4390 
3110 3708 4306 1297 2497 3694 1308 1908 2509 3109 3709 4308 97 708 2559 3761 4958 1941 2538 3140 3739 4339 4939 1359 1340 2565 3764 4962 1945 2544 
3144 3742 4344 4943 1366 1343 1931 2528 3129 1930 2529 3129 1847 2447 3046 1924 2522 3123 1330 1332 1248 1324 3728 4330 4928 3727 4330 4927 3647 4246 
4847 3722 4324 4922 2555 3757 4960 1939 2539 3139 3738 4339 4938 1355 1340 1293 2493 3696 1308 1908 2509 3109 3708 4309 93 708 1289 2491 3692 1307 
1918 2508 3107 3707 4307 92 706 1931 2530 3131 1929 2528 3128 1847 2446 3047 1924 2523 3124 1328 1327 1247 1322 3732 4333 4934 3728 4327 4928 3646 
4247 4846 3725 4327 4928 2555 3756 4953 1939 2539 3139 3738 4338 4939 1360 1338 1295 2493 3689 1308 1909 2507 3107 3706 4306 96 709 1291 2492 3691 
1308 1907 2508 3106 3707 4308 92 707 1937 2538 3139 1929 2529 3130 1846 2447 3047 1931 2532 3133 1334 1328 1246 1328 3741 4340 4943 3730 4329 4931 
3647 4246 4847 3735 4334 4937 2553 3752 4950 1939 2538 3137 3738 4337 4937 1353 1339 1289 2490 3689 1306 1908 2506 3107 3707 4306 89 706 1293 2493 
3692 1307 1909 2508 3109 3708 4308 91 708 1943 2544 3145 1933 2533 3133 1847 2448 3049 1936 2538 3139 1343 1331 1247 1337 3745 4345 4944 3734 4334 
4933 3648 4249 4848 3739 4339 4938 2551 3755 4952 1937 2537 3137 3737 4337 4937 1350 1337 1290 2488 3690 1306 1906 2507 3106 3706 4307 89 706 1293 
2493 3691 1308 1908 2507 3109 3707 4307 92 708 1944 2543 3144 1936 2536 3136 1850 2450 3049 1938 2537 3138 1344 1333 1248 1338 3740 4340 4938 3734 
4336 4932 3650 4250 4850 3734 4334 4932 2556 3756 4956 1938 2538 3139 3739 4339 4939 1352 1337 1291 2492 3689 1307 1907 2507 3107 3705 4306 90 707 
1291 2492 3689 1307 1908 2506 3107 3706 4305 91 707 1939 2535 3135 1934 2532 3133 1850 2449 3048 1933 2529 3129 1338 1332 1250 1332 3731 4333 4930 
3731 4331 4932 3648 4247 4848 3725 4327 4924 2558 3758 4955 1939 2539 3139 3740 4340 4940 1356 1339 1290 2494 3693 1306 1906 2507 3106 3708 4308 89 
706 1291 2491 3692 1307 1905 2506 3106 3707 4306 89 705 