# eta extrapolation LUT
# anything after # is ignored with the exception of the header
#<header> V1 12 4 </header>
0 0
1 0
2 0
3 0
4 0
5 0
6 0
7 0
8 0
9 0
10 0
11 0
12 0
13 0
14 0
15 0
16 0
17 0
18 0
19 0
20 0
21 0
22 0
23 0
24 0
25 0
26 0
27 0
28 0
29 0
30 0
31 0
32 0
33 0
34 0
35 0
36 0
37 0
38 0
39 0
40 0
41 0
42 0
43 0
44 0
45 0
46 0
47 0
48 0
49 0
50 0
51 0
52 0
53 0
54 0
55 0
56 0
57 0
58 0
59 0
60 0
61 0
62 0
63 0
64 0
65 0
66 0
67 0
68 0
69 0
70 0
71 0
72 0
73 0
74 0
75 0
76 0
77 0
78 0
79 0
80 0
81 0
82 0
83 0
84 0
85 0
86 0
87 0
88 0
89 0
90 0
91 0
92 0
93 0
94 0
95 0
96 0
97 0
98 0
99 0
100 0
101 0
102 0
103 0
104 0
105 0
106 0
107 0
108 0
109 0
110 0
111 0
112 0
113 0
114 0
115 0
116 0
117 0
118 0
119 0
120 0
121 0
122 0
123 0
124 0
125 0
126 0
127 0
128 0
129 0
130 0
131 0
132 0
133 0
134 0
135 0
136 0
137 0
138 0
139 0
140 0
141 0
142 0
143 0
144 0
145 0
146 0
147 0
148 0
149 0
150 0
151 0
152 0
153 0
154 0
155 0
156 0
157 0
158 0
159 0
160 0
161 0
162 0
163 0
164 0
165 0
166 0
167 0
168 0
169 0
170 0
171 0
172 0
173 0
174 0
175 0
176 0
177 0
178 0
179 0
180 0
181 0
182 0
183 0
184 0
185 0
186 0
187 0
188 0
189 0
190 0
191 0
192 0
193 0
194 0
195 0
196 0
197 0
198 0
199 0
200 0
201 0
202 0
203 0
204 0
205 0
206 0
207 0
208 0
209 0
210 0
211 0
212 0
213 0
214 0
215 0
216 0
217 0
218 0
219 0
220 0
221 0
222 0
223 0
224 0
225 0
226 0
227 0
228 0
229 0
230 0
231 0
232 0
233 0
234 0
235 0
236 0
237 0
238 0
239 0
240 0
241 0
242 0
243 0
244 0
245 0
246 0
247 0
248 0
249 0
250 0
251 0
252 0
253 0
254 0
255 0
256 0
257 0
258 0
259 0
260 0
261 0
262 0
263 0
264 0
265 0
266 0
267 0
268 0
269 0
270 0
271 0
272 0
273 0
274 0
275 0
276 0
277 0
278 0
279 0
280 0
281 0
282 0
283 0
284 0
285 0
286 0
287 0
288 0
289 0
290 0
291 0
292 0
293 0
294 0
295 0
296 0
297 0
298 0
299 0
300 0
301 0
302 0
303 0
304 0
305 0
306 0
307 0
308 0
309 0
310 0
311 0
312 0
313 0
314 0
315 0
316 0
317 0
318 0
319 0
320 0
321 0
322 0
323 0
324 0
325 0
326 0
327 0
328 0
329 0
330 0
331 0
332 0
333 0
334 0
335 0
336 0
337 0
338 0
339 0
340 0
341 0
342 0
343 0
344 0
345 0
346 0
347 0
348 0
349 0
350 0
351 0
352 0
353 0
354 0
355 0
356 0
357 0
358 0
359 0
360 0
361 0
362 0
363 0
364 0
365 0
366 0
367 0
368 0
369 0
370 0
371 0
372 0
373 0
374 0
375 0
376 0
377 0
378 0
379 0
380 0
381 0
382 0
383 0
384 0
385 0
386 0
387 0
388 0
389 0
390 0
391 0
392 0
393 0
394 0
395 0
396 0
397 0
398 0
399 0
400 0
401 0
402 0
403 0
404 0
405 0
406 0
407 0
408 0
409 0
410 0
411 0
412 0
413 0
414 0
415 0
416 0
417 0
418 0
419 0
420 0
421 0
422 0
423 0
424 0
425 0
426 0
427 0
428 0
429 0
430 0
431 0
432 0
433 0
434 0
435 0
436 0
437 0
438 0
439 0
440 0
441 0
442 0
443 0
444 0
445 0
446 0
447 0
448 0
449 0
450 0
451 0
452 0
453 0
454 0
455 0
456 0
457 0
458 0
459 0
460 0
461 0
462 0
463 0
464 0
465 0
466 0
467 0
468 0
469 0
470 0
471 0
472 0
473 0
474 0
475 0
476 0
477 0
478 0
479 0
480 0
481 0
482 0
483 0
484 0
485 0
486 0
487 0
488 0
489 0
490 0
491 0
492 0
493 0
494 0
495 0
496 0
497 0
498 0
499 0
500 0
501 0
502 0
503 0
504 0
505 0
506 0
507 0
508 0
509 0
510 0
511 0
512 0
513 0
514 0
515 0
516 0
517 0
518 0
519 0
520 0
521 0
522 0
523 0
524 0
525 0
526 0
527 0
528 0
529 0
530 0
531 0
532 0
533 0
534 0
535 0
536 0
537 0
538 0
539 0
540 0
541 0
542 0
543 0
544 0
545 0
546 0
547 0
548 0
549 0
550 0
551 0
552 0
553 0
554 0
555 0
556 0
557 0
558 0
559 0
560 0
561 0
562 0
563 0
564 0
565 0
566 0
567 0
568 0
569 0
570 0
571 0
572 0
573 0
574 0
575 0
576 0
577 0
578 0
579 0
580 0
581 0
582 0
583 0
584 0
585 0
586 0
587 0
588 0
589 0
590 0
591 0
592 0
593 0
594 0
595 0
596 0
597 0
598 0
599 0
600 0
601 0
602 0
603 0
604 0
605 0
606 0
607 0
608 0
609 0
610 0
611 0
612 0
613 0
614 0
615 0
616 0
617 0
618 0
619 0
620 0
621 0
622 0
623 0
624 0
625 0
626 0
627 0
628 0
629 0
630 0
631 0
632 0
633 0
634 0
635 0
636 0
637 0
638 0
639 0
640 0
641 0
642 0
643 0
644 0
645 0
646 0
647 0
648 0
649 0
650 0
651 0
652 0
653 0
654 0
655 0
656 0
657 0
658 0
659 0
660 0
661 0
662 0
663 0
664 0
665 0
666 0
667 0
668 0
669 0
670 0
671 0
672 0
673 0
674 0
675 0
676 0
677 0
678 0
679 0
680 0
681 0
682 0
683 0
684 0
685 0
686 0
687 0
688 0
689 0
690 0
691 0
692 0
693 0
694 0
695 0
696 0
697 0
698 0
699 0
700 0
701 0
702 0
703 0
704 0
705 0
706 0
707 0
708 0
709 0
710 0
711 0
712 0
713 0
714 0
715 0
716 0
717 0
718 0
719 0
720 0
721 0
722 0
723 0
724 0
725 0
726 0
727 0
728 0
729 0
730 0
731 0
732 0
733 0
734 0
735 0
736 0
737 0
738 0
739 0
740 0
741 0
742 0
743 0
744 0
745 0
746 0
747 0
748 0
749 0
750 0
751 0
752 0
753 0
754 0
755 0
756 0
757 0
758 0
759 0
760 0
761 0
762 0
763 0
764 0
765 0
766 0
767 0
768 0
769 0
770 0
771 0
772 0
773 0
774 0
775 0
776 0
777 0
778 0
779 0
780 0
781 0
782 0
783 0
784 0
785 0
786 0
787 0
788 0
789 0
790 0
791 0
792 0
793 0
794 0
795 0
796 0
797 0
798 0
799 0
800 0
801 0
802 0
803 0
804 0
805 0
806 0
807 0
808 0
809 0
810 0
811 0
812 0
813 0
814 0
815 0
816 0
817 0
818 0
819 0
820 0
821 0
822 0
823 0
824 0
825 0
826 0
827 0
828 0
829 0
830 0
831 0
832 0
833 0
834 0
835 0
836 0
837 0
838 0
839 0
840 0
841 0
842 0
843 0
844 0
845 0
846 0
847 0
848 0
849 0
850 0
851 0
852 0
853 0
854 0
855 0
856 0
857 0
858 0
859 0
860 0
861 0
862 0
863 0
864 0
865 0
866 0
867 0
868 0
869 0
870 0
871 0
872 0
873 0
874 0
875 0
876 0
877 0
878 0
879 0
880 0
881 0
882 0
883 0
884 0
885 0
886 0
887 0
888 0
889 0
890 0
891 0
892 0
893 0
894 0
895 0
896 0
897 0
898 0
899 0
900 0
901 0
902 0
903 0
904 0
905 0
906 0
907 0
908 0
909 0
910 0
911 0
912 0
913 0
914 0
915 0
916 0
917 0
918 0
919 0
920 0
921 0
922 0
923 0
924 0
925 0
926 0
927 0
928 0
929 0
930 0
931 0
932 0
933 0
934 0
935 0
936 0
937 0
938 0
939 0
940 0
941 0
942 0
943 0
944 0
945 0
946 0
947 0
948 0
949 0
950 0
951 0
952 0
953 0
954 0
955 0
956 0
957 0
958 0
959 0
960 0
961 0
962 0
963 0
964 0
965 0
966 0
967 0
968 0
969 0
970 0
971 0
972 0
973 0
974 0
975 0
976 0
977 0
978 0
979 0
980 0
981 0
982 0
983 0
984 0
985 0
986 0
987 0
988 0
989 0
990 0
991 0
992 0
993 0
994 0
995 0
996 0
997 0
998 0
999 0
1000 0
1001 0
1002 0
1003 0
1004 0
1005 0
1006 0
1007 0
1008 0
1009 0
1010 0
1011 0
1012 0
1013 0
1014 0
1015 0
1016 0
1017 0
1018 0
1019 0
1020 0
1021 0
1022 0
1023 0
1024 0
1025 0
1026 0
1027 0
1028 0
1029 0
1030 0
1031 0
1032 0
1033 0
1034 0
1035 0
1036 0
1037 0
1038 0
1039 0
1040 0
1041 0
1042 0
1043 0
1044 0
1045 0
1046 0
1047 0
1048 0
1049 0
1050 0
1051 0
1052 0
1053 0
1054 0
1055 0
1056 0
1057 0
1058 0
1059 0
1060 0
1061 0
1062 0
1063 0
1064 0
1065 0
1066 0
1067 0
1068 0
1069 0
1070 0
1071 0
1072 0
1073 0
1074 0
1075 0
1076 0
1077 0
1078 0
1079 0
1080 0
1081 0
1082 0
1083 0
1084 0
1085 0
1086 0
1087 0
1088 0
1089 0
1090 0
1091 0
1092 0
1093 0
1094 0
1095 0
1096 0
1097 0
1098 0
1099 0
1100 0
1101 0
1102 0
1103 0
1104 0
1105 0
1106 0
1107 0
1108 0
1109 0
1110 0
1111 0
1112 0
1113 0
1114 0
1115 0
1116 0
1117 0
1118 0
1119 0
1120 0
1121 0
1122 0
1123 0
1124 0
1125 0
1126 0
1127 0
1128 0
1129 0
1130 0
1131 0
1132 0
1133 0
1134 0
1135 0
1136 0
1137 0
1138 0
1139 0
1140 0
1141 0
1142 0
1143 0
1144 0
1145 0
1146 0
1147 0
1148 0
1149 0
1150 0
1151 0
1152 0
1153 0
1154 0
1155 0
1156 0
1157 0
1158 0
1159 0
1160 0
1161 0
1162 0
1163 0
1164 0
1165 0
1166 0
1167 0
1168 0
1169 0
1170 0
1171 0
1172 0
1173 0
1174 0
1175 0
1176 0
1177 0
1178 0
1179 0
1180 0
1181 0
1182 0
1183 0
1184 0
1185 0
1186 0
1187 0
1188 0
1189 0
1190 0
1191 0
1192 0
1193 0
1194 0
1195 0
1196 0
1197 0
1198 0
1199 0
1200 0
1201 0
1202 0
1203 0
1204 0
1205 0
1206 0
1207 0
1208 0
1209 0
1210 0
1211 0
1212 0
1213 0
1214 0
1215 0
1216 0
1217 0
1218 0
1219 0
1220 0
1221 0
1222 0
1223 0
1224 0
1225 0
1226 0
1227 0
1228 0
1229 0
1230 0
1231 0
1232 0
1233 0
1234 0
1235 0
1236 0
1237 0
1238 0
1239 0
1240 0
1241 0
1242 0
1243 0
1244 0
1245 0
1246 0
1247 0
1248 0
1249 0
1250 0
1251 0
1252 0
1253 0
1254 0
1255 0
1256 0
1257 0
1258 0
1259 0
1260 0
1261 0
1262 0
1263 0
1264 0
1265 0
1266 0
1267 0
1268 0
1269 0
1270 0
1271 0
1272 0
1273 0
1274 0
1275 0
1276 0
1277 0
1278 0
1279 0
1280 0
1281 0
1282 0
1283 0
1284 0
1285 0
1286 0
1287 0
1288 0
1289 0
1290 0
1291 0
1292 0
1293 0
1294 0
1295 0
1296 0
1297 0
1298 0
1299 0
1300 0
1301 0
1302 0
1303 0
1304 0
1305 0
1306 0
1307 0
1308 0
1309 0
1310 0
1311 0
1312 0
1313 0
1314 0
1315 0
1316 0
1317 0
1318 0
1319 0
1320 0
1321 0
1322 0
1323 0
1324 0
1325 0
1326 0
1327 0
1328 0
1329 0
1330 0
1331 0
1332 0
1333 0
1334 0
1335 0
1336 0
1337 0
1338 0
1339 0
1340 0
1341 0
1342 0
1343 0
1344 0
1345 0
1346 0
1347 0
1348 0
1349 0
1350 0
1351 0
1352 0
1353 0
1354 0
1355 0
1356 0
1357 0
1358 0
1359 0
1360 0
1361 0
1362 0
1363 0
1364 0
1365 0
1366 0
1367 0
1368 0
1369 0
1370 0
1371 0
1372 0
1373 0
1374 0
1375 0
1376 0
1377 0
1378 0
1379 0
1380 0
1381 0
1382 0
1383 0
1384 0
1385 0
1386 0
1387 0
1388 0
1389 0
1390 0
1391 0
1392 0
1393 0
1394 0
1395 0
1396 0
1397 0
1398 0
1399 0
1400 0
1401 0
1402 0
1403 0
1404 0
1405 0
1406 0
1407 0
1408 0
1409 0
1410 0
1411 0
1412 0
1413 0
1414 0
1415 0
1416 0
1417 0
1418 0
1419 0
1420 0
1421 0
1422 0
1423 0
1424 0
1425 0
1426 0
1427 0
1428 0
1429 0
1430 0
1431 0
1432 0
1433 0
1434 0
1435 0
1436 0
1437 0
1438 0
1439 0
1440 0
1441 0
1442 0
1443 0
1444 0
1445 0
1446 0
1447 0
1448 0
1449 0
1450 0
1451 0
1452 0
1453 0
1454 0
1455 0
1456 0
1457 0
1458 0
1459 0
1460 0
1461 0
1462 0
1463 0
1464 0
1465 0
1466 0
1467 0
1468 0
1469 0
1470 0
1471 0
1472 0
1473 0
1474 0
1475 0
1476 0
1477 0
1478 0
1479 0
1480 0
1481 0
1482 0
1483 0
1484 0
1485 0
1486 0
1487 0
1488 0
1489 0
1490 0
1491 0
1492 0
1493 0
1494 0
1495 0
1496 0
1497 0
1498 0
1499 0
1500 0
1501 0
1502 0
1503 0
1504 0
1505 0
1506 0
1507 0
1508 0
1509 0
1510 0
1511 0
1512 0
1513 0
1514 0
1515 0
1516 0
1517 0
1518 0
1519 0
1520 0
1521 0
1522 0
1523 0
1524 0
1525 0
1526 0
1527 0
1528 0
1529 0
1530 0
1531 0
1532 0
1533 0
1534 0
1535 0
1536 0
1537 15
1538 15
1539 15
1540 15
1541 14
1542 10
1543 8
1544 6
1545 5
1546 4
1547 4
1548 3
1549 3
1550 2
1551 2
1552 2
1553 2
1554 2
1555 1
1556 1
1557 1
1558 1
1559 1
1560 1
1561 1
1562 1
1563 1
1564 1
1565 1
1566 1
1567 1
1568 1
1569 1
1570 1
1571 1
1572 1
1573 1
1574 1
1575 1
1576 1
1577 1
1578 0
1579 0
1580 0
1581 0
1582 0
1583 0
1584 0
1585 0
1586 0
1587 0
1588 0
1589 0
1590 0
1591 0
1592 0
1593 0
1594 0
1595 0
1596 0
1597 0
1598 0
1599 0
1600 0
1601 0
1602 0
1603 0
1604 0
1605 0
1606 0
1607 0
1608 0
1609 0
1610 0
1611 0
1612 0
1613 0
1614 0
1615 0
1616 0
1617 0
1618 0
1619 0
1620 0
1621 0
1622 0
1623 0
1624 0
1625 0
1626 0
1627 0
1628 0
1629 0
1630 0
1631 0
1632 0
1633 0
1634 0
1635 0
1636 0
1637 0
1638 0
1639 0
1640 0
1641 0
1642 0
1643 0
1644 0
1645 0
1646 0
1647 0
1648 0
1649 0
1650 0
1651 0
1652 0
1653 0
1654 0
1655 0
1656 0
1657 0
1658 0
1659 0
1660 0
1661 0
1662 0
1663 0
1664 0
1665 15
1666 15
1667 15
1668 15
1669 13
1670 9
1671 7
1672 6
1673 5
1674 4
1675 3
1676 3
1677 3
1678 2
1679 2
1680 2
1681 2
1682 2
1683 1
1684 1
1685 1
1686 1
1687 1
1688 1
1689 1
1690 1
1691 1
1692 1
1693 1
1694 1
1695 1
1696 1
1697 1
1698 1
1699 1
1700 1
1701 1
1702 1
1703 1
1704 1
1705 1
1706 1
1707 1
1708 1
1709 1
1710 1
1711 1
1712 1
1713 1
1714 1
1715 1
1716 0
1717 0
1718 0
1719 0
1720 0
1721 0
1722 0
1723 0
1724 0
1725 0
1726 0
1727 0
1728 0
1729 0
1730 0
1731 0
1732 0
1733 0
1734 0
1735 0
1736 0
1737 0
1738 0
1739 0
1740 0
1741 0
1742 0
1743 0
1744 0
1745 0
1746 0
1747 0
1748 0
1749 0
1750 0
1751 0
1752 0
1753 0
1754 0
1755 0
1756 0
1757 0
1758 0
1759 0
1760 0
1761 0
1762 0
1763 0
1764 0
1765 0
1766 0
1767 0
1768 0
1769 0
1770 0
1771 0
1772 0
1773 0
1774 0
1775 0
1776 0
1777 0
1778 0
1779 0
1780 0
1781 0
1782 0
1783 0
1784 0
1785 0
1786 0
1787 0
1788 0
1789 0
1790 0
1791 0
1792 0
1793 15
1794 15
1795 15
1796 15
1797 15
1798 13
1799 10
1800 7
1801 6
1802 5
1803 4
1804 4
1805 3
1806 3
1807 2
1808 2
1809 2
1810 2
1811 2
1812 2
1813 1
1814 1
1815 1
1816 1
1817 1
1818 1
1819 1
1820 1
1821 1
1822 1
1823 1
1824 1
1825 1
1826 1
1827 1
1828 1
1829 1
1830 1
1831 1
1832 1
1833 1
1834 1
1835 1
1836 1
1837 1
1838 1
1839 1
1840 0
1841 0
1842 0
1843 0
1844 0
1845 0
1846 0
1847 0
1848 0
1849 0
1850 0
1851 0
1852 0
1853 0
1854 0
1855 0
1856 0
1857 0
1858 0
1859 0
1860 0
1861 0
1862 0
1863 0
1864 0
1865 0
1866 0
1867 0
1868 0
1869 0
1870 0
1871 0
1872 0
1873 0
1874 0
1875 0
1876 0
1877 0
1878 0
1879 0
1880 0
1881 0
1882 0
1883 0
1884 0
1885 0
1886 0
1887 0
1888 0
1889 0
1890 0
1891 0
1892 0
1893 0
1894 0
1895 0
1896 0
1897 0
1898 0
1899 0
1900 0
1901 0
1902 0
1903 0
1904 0
1905 0
1906 0
1907 0
1908 0
1909 0
1910 0
1911 0
1912 0
1913 0
1914 0
1915 0
1916 0
1917 0
1918 0
1919 0
1920 0
1921 15
1922 15
1923 15
1924 15
1925 15
1926 14
1927 10
1928 8
1929 6
1930 5
1931 4
1932 4
1933 3
1934 3
1935 3
1936 2
1937 2
1938 2
1939 2
1940 2
1941 1
1942 1
1943 1
1944 1
1945 1
1946 1
1947 1
1948 1
1949 1
1950 1
1951 1
1952 1
1953 1
1954 1
1955 1
1956 1
1957 1
1958 1
1959 1
1960 1
1961 1
1962 1
1963 1
1964 1
1965 1
1966 1
1967 1
1968 1
1969 0
1970 0
1971 0
1972 0
1973 0
1974 0
1975 0
1976 0
1977 0
1978 0
1979 0
1980 0
1981 0
1982 0
1983 0
1984 0
1985 0
1986 0
1987 0
1988 0
1989 0
1990 0
1991 0
1992 0
1993 0
1994 0
1995 0
1996 0
1997 0
1998 0
1999 0
2000 0
2001 0
2002 0
2003 0
2004 0
2005 0
2006 0
2007 0
2008 0
2009 0
2010 0
2011 0
2012 0
2013 0
2014 0
2015 0
2016 0
2017 0
2018 0
2019 0
2020 0
2021 0
2022 0
2023 0
2024 0
2025 0
2026 0
2027 0
2028 0
2029 0
2030 0
2031 0
2032 0
2033 0
2034 0
2035 0
2036 0
2037 0
2038 0
2039 0
2040 0
2041 0
2042 0
2043 0
2044 0
2045 0
2046 0
2047 0
2048 0
2049 15
2050 15
2051 15
2052 15
2053 15
2054 13
2055 10
2056 7
2057 6
2058 5
2059 4
2060 4
2061 3
2062 3
2063 2
2064 2
2065 2
2066 2
2067 2
2068 2
2069 1
2070 1
2071 1
2072 1
2073 1
2074 1
2075 1
2076 1
2077 1
2078 1
2079 1
2080 1
2081 1
2082 1
2083 1
2084 1
2085 1
2086 1
2087 1
2088 1
2089 1
2090 1
2091 1
2092 1
2093 1
2094 1
2095 1
2096 1
2097 1
2098 1
2099 1
2100 1
2101 1
2102 1
2103 1
2104 1
2105 1
2106 1
2107 1
2108 1
2109 1
2110 1
2111 1
2112 0
2113 0
2114 0
2115 0
2116 0
2117 0
2118 0
2119 0
2120 0
2121 0
2122 0
2123 0
2124 0
2125 0
2126 0
2127 0
2128 0
2129 0
2130 0
2131 0
2132 0
2133 0
2134 0
2135 0
2136 0
2137 0
2138 0
2139 0
2140 0
2141 0
2142 0
2143 0
2144 0
2145 0
2146 0
2147 0
2148 0
2149 0
2150 0
2151 0
2152 0
2153 0
2154 0
2155 0
2156 0
2157 0
2158 0
2159 0
2160 0
2161 0
2162 0
2163 0
2164 0
2165 0
2166 0
2167 0
2168 0
2169 0
2170 0
2171 0
2172 0
2173 0
2174 0
2175 0
2176 0
2177 15
2178 15
2179 15
2180 15
2181 13
2182 9
2183 7
2184 5
2185 4
2186 4
2187 3
2188 3
2189 2
2190 2
2191 2
2192 2
2193 1
2194 1
2195 1
2196 1
2197 1
2198 1
2199 1
2200 1
2201 1
2202 1
2203 1
2204 1
2205 1
2206 1
2207 1
2208 1
2209 1
2210 1
2211 1
2212 1
2213 1
2214 1
2215 1
2216 0
2217 0
2218 0
2219 0
2220 0
2221 0
2222 0
2223 0
2224 0
2225 0
2226 0
2227 0
2228 0
2229 0
2230 0
2231 0
2232 0
2233 0
2234 0
2235 0
2236 0
2237 0
2238 0
2239 0
2240 0
2241 0
2242 0
2243 0
2244 0
2245 0
2246 0
2247 0
2248 0
2249 0
2250 0
2251 0
2252 0
2253 0
2254 0
2255 0
2256 0
2257 0
2258 0
2259 0
2260 0
2261 0
2262 0
2263 0
2264 0
2265 0
2266 0
2267 0
2268 0
2269 0
2270 0
2271 0
2272 0
2273 0
2274 0
2275 0
2276 0
2277 0
2278 0
2279 0
2280 0
2281 0
2282 0
2283 0
2284 0
2285 0
2286 0
2287 0
2288 0
2289 0
2290 0
2291 0
2292 0
2293 0
2294 0
2295 0
2296 0
2297 0
2298 0
2299 0
2300 0
2301 0
2302 0
2303 0
2304 0
2305 15
2306 15
2307 15
2308 10
2309 8
2310 6
2311 5
2312 5
2313 4
2314 4
2315 3
2316 3
2317 3
2318 2
2319 2
2320 2
2321 2
2322 2
2323 2
2324 2
2325 2
2326 1
2327 1
2328 1
2329 1
2330 1
2331 1
2332 1
2333 1
2334 1
2335 1
2336 1
2337 1
2338 1
2339 1
2340 1
2341 1
2342 1
2343 1
2344 1
2345 1
2346 1
2347 1
2348 1
2349 1
2350 1
2351 1
2352 1
2353 1
2354 1
2355 1
2356 1
2357 1
2358 1
2359 1
2360 1
2361 1
2362 1
2363 1
2364 1
2365 1
2366 1
2367 1
2368 1
2369 1
2370 1
2371 1
2372 1
2373 1
2374 1
2375 1
2376 1
2377 1
2378 1
2379 1
2380 1
2381 1
2382 1
2383 1
2384 1
2385 1
2386 1
2387 1
2388 1
2389 0
2390 0
2391 0
2392 0
2393 0
2394 0
2395 0
2396 0
2397 0
2398 0
2399 0
2400 0
2401 0
2402 0
2403 0
2404 0
2405 0
2406 0
2407 0
2408 0
2409 0
2410 0
2411 0
2412 0
2413 0
2414 0
2415 0
2416 0
2417 0
2418 0
2419 0
2420 0
2421 0
2422 0
2423 0
2424 0
2425 0
2426 0
2427 0
2428 0
2429 0
2430 0
2431 0
2432 0
2433 15
2434 15
2435 15
2436 15
2437 11
2438 8
2439 6
2440 5
2441 4
2442 3
2443 3
2444 2
2445 2
2446 2
2447 2
2448 2
2449 1
2450 1
2451 1
2452 1
2453 1
2454 1
2455 1
2456 1
2457 1
2458 1
2459 1
2460 1
2461 1
2462 1
2463 1
2464 1
2465 1
2466 1
2467 1
2468 1
2469 1
2470 1
2471 1
2472 1
2473 1
2474 1
2475 1
2476 1
2477 1
2478 1
2479 1
2480 1
2481 1
2482 1
2483 1
2484 1
2485 1
2486 1
2487 1
2488 1
2489 1
2490 1
2491 1
2492 1
2493 1
2494 1
2495 1
2496 1
2497 1
2498 1
2499 1
2500 1
2501 1
2502 1
2503 1
2504 1
2505 1
2506 1
2507 1
2508 1
2509 1
2510 1
2511 1
2512 1
2513 1
2514 1
2515 1
2516 1
2517 1
2518 1
2519 1
2520 1
2521 1
2522 1
2523 1
2524 1
2525 1
2526 1
2527 1
2528 1
2529 1
2530 1
2531 1
2532 1
2533 1
2534 1
2535 1
2536 1
2537 1
2538 1
2539 1
2540 1
2541 1
2542 1
2543 1
2544 1
2545 1
2546 1
2547 1
2548 1
2549 1
2550 1
2551 1
2552 1
2553 1
2554 1
2555 1
2556 1
2557 1
2558 1
2559 1
2560 0
2561 15
2562 15
2563 15
2564 15
2565 9
2566 7
2567 5
2568 4
2569 3
2570 3
2571 2
2572 2
2573 2
2574 2
2575 2
2576 1
2577 1
2578 1
2579 1
2580 1
2581 1
2582 1
2583 1
2584 1
2585 1
2586 1
2587 1
2588 1
2589 1
2590 1
2591 1
2592 1
2593 1
2594 1
2595 1
2596 1
2597 1
2598 1
2599 1
2600 1
2601 1
2602 1
2603 1
2604 1
2605 1
2606 1
2607 1
2608 1
2609 1
2610 1
2611 1
2612 1
2613 1
2614 1
2615 1
2616 1
2617 1
2618 1
2619 1
2620 1
2621 1
2622 1
2623 1
2624 1
2625 1
2626 1
2627 1
2628 1
2629 1
2630 1
2631 1
2632 1
2633 1
2634 1
2635 1
2636 1
2637 1
2638 1
2639 1
2640 1
2641 1
2642 1
2643 1
2644 1
2645 1
2646 1
2647 1
2648 1
2649 1
2650 1
2651 1
2652 1
2653 1
2654 1
2655 1
2656 1
2657 1
2658 1
2659 1
2660 1
2661 1
2662 1
2663 1
2664 1
2665 1
2666 1
2667 1
2668 1
2669 1
2670 1
2671 1
2672 1
2673 1
2674 1
2675 1
2676 1
2677 1
2678 1
2679 1
2680 1
2681 1
2682 1
2683 1
2684 1
2685 1
2686 1
2687 1
2688 0
2689 15
2690 15
2691 15
2692 11
2693 7
2694 5
2695 4
2696 3
2697 3
2698 2
2699 2
2700 2
2701 2
2702 2
2703 1
2704 1
2705 1
2706 1
2707 1
2708 1
2709 1
2710 1
2711 1
2712 1
2713 1
2714 1
2715 1
2716 1
2717 1
2718 1
2719 1
2720 1
2721 1
2722 1
2723 1
2724 1
2725 1
2726 1
2727 1
2728 1
2729 1
2730 1
2731 1
2732 1
2733 1
2734 1
2735 1
2736 1
2737 1
2738 1
2739 1
2740 1
2741 1
2742 1
2743 1
2744 1
2745 1
2746 1
2747 1
2748 1
2749 1
2750 1
2751 1
2752 1
2753 1
2754 1
2755 1
2756 1
2757 1
2758 1
2759 1
2760 1
2761 1
2762 1
2763 1
2764 1
2765 1
2766 1
2767 1
2768 1
2769 1
2770 1
2771 1
2772 1
2773 1
2774 1
2775 1
2776 1
2777 1
2778 1
2779 1
2780 1
2781 1
2782 1
2783 1
2784 1
2785 1
2786 1
2787 1
2788 1
2789 1
2790 1
2791 1
2792 1
2793 1
2794 1
2795 1
2796 1
2797 1
2798 1
2799 1
2800 1
2801 1
2802 1
2803 1
2804 1
2805 1
2806 1
2807 1
2808 1
2809 1
2810 1
2811 1
2812 1
2813 1
2814 1
2815 1
2816 0
2817 15
2818 15
2819 15
2820 9
2821 6
2822 5
2823 4
2824 3
2825 3
2826 2
2827 2
2828 2
2829 2
2830 1
2831 1
2832 1
2833 1
2834 1
2835 1
2836 1
2837 1
2838 1
2839 1
2840 1
2841 1
2842 1
2843 1
2844 1
2845 1
2846 1
2847 1
2848 1
2849 1
2850 1
2851 1
2852 1
2853 1
2854 1
2855 1
2856 1
2857 1
2858 1
2859 1
2860 1
2861 1
2862 1
2863 1
2864 1
2865 1
2866 1
2867 1
2868 1
2869 1
2870 1
2871 1
2872 1
2873 1
2874 1
2875 1
2876 1
2877 1
2878 1
2879 1
2880 1
2881 1
2882 1
2883 1
2884 1
2885 1
2886 1
2887 1
2888 1
2889 1
2890 1
2891 1
2892 1
2893 1
2894 1
2895 1
2896 1
2897 1
2898 1
2899 1
2900 1
2901 1
2902 1
2903 1
2904 1
2905 1
2906 1
2907 1
2908 1
2909 1
2910 1
2911 1
2912 1
2913 1
2914 1
2915 1
2916 1
2917 1
2918 1
2919 1
2920 1
2921 1
2922 1
2923 1
2924 1
2925 1
2926 1
2927 1
2928 1
2929 1
2930 1
2931 1
2932 1
2933 1
2934 1
2935 1
2936 1
2937 1
2938 1
2939 1
2940 1
2941 1
2942 1
2943 1
2944 0
2945 15
2946 15
2947 12
2948 7
2949 5
2950 4
2951 3
2952 3
2953 2
2954 2
2955 2
2956 2
2957 2
2958 1
2959 1
2960 1
2961 1
2962 1
2963 1
2964 1
2965 1
2966 1
2967 1
2968 1
2969 1
2970 1
2971 1
2972 1
2973 1
2974 1
2975 1
2976 1
2977 1
2978 1
2979 1
2980 1
2981 1
2982 1
2983 1
2984 1
2985 1
2986 1
2987 1
2988 1
2989 1
2990 1
2991 1
2992 1
2993 1
2994 1
2995 1
2996 1
2997 1
2998 1
2999 1
3000 1
3001 1
3002 1
3003 1
3004 1
3005 1
3006 1
3007 1
3008 1
3009 1
3010 1
3011 1
3012 1
3013 1
3014 1
3015 1
3016 1
3017 1
3018 1
3019 1
3020 1
3021 1
3022 1
3023 1
3024 1
3025 1
3026 1
3027 1
3028 1
3029 1
3030 1
3031 1
3032 1
3033 1
3034 1
3035 1
3036 1
3037 1
3038 1
3039 1
3040 1
3041 1
3042 1
3043 1
3044 1
3045 1
3046 1
3047 1
3048 1
3049 1
3050 1
3051 1
3052 1
3053 1
3054 1
3055 1
3056 1
3057 1
3058 1
3059 1
3060 1
3061 1
3062 1
3063 1
3064 1
3065 1
3066 1
3067 1
3068 1
3069 1
3070 1
3071 1
3072 0
3073 15
3074 15
3075 10
3076 6
3077 5
3078 4
3079 3
3080 3
3081 2
3082 2
3083 2
3084 2
3085 2
3086 2
3087 1
3088 1
3089 1
3090 1
3091 1
3092 1
3093 1
3094 1
3095 1
3096 1
3097 1
3098 1
3099 1
3100 1
3101 1
3102 1
3103 1
3104 1
3105 1
3106 1
3107 1
3108 1
3109 1
3110 1
3111 1
3112 1
3113 1
3114 1
3115 1
3116 1
3117 1
3118 1
3119 1
3120 1
3121 1
3122 1
3123 1
3124 1
3125 1
3126 1
3127 1
3128 1
3129 1
3130 1
3131 1
3132 1
3133 1
3134 1
3135 1
3136 1
3137 1
3138 1
3139 1
3140 1
3141 1
3142 1
3143 1
3144 1
3145 1
3146 1
3147 1
3148 1
3149 1
3150 1
3151 1
3152 1
3153 1
3154 1
3155 1
3156 1
3157 1
3158 1
3159 1
3160 1
3161 1
3162 1
3163 1
3164 1
3165 1
3166 1
3167 1
3168 1
3169 1
3170 1
3171 1
3172 1
3173 1
3174 1
3175 1
3176 1
3177 1
3178 1
3179 1
3180 1
3181 1
3182 1
3183 1
3184 1
3185 1
3186 1
3187 1
3188 1
3189 1
3190 1
3191 1
3192 1
3193 1
3194 1
3195 1
3196 1
3197 1
3198 1
3199 1
3200 0
3201 15
3202 15
3203 9
3204 6
3205 4
3206 3
3207 3
3208 2
3209 2
3210 2
3211 2
3212 2
3213 1
3214 1
3215 1
3216 1
3217 1
3218 1
3219 1
3220 1
3221 1
3222 1
3223 1
3224 1
3225 1
3226 1
3227 1
3228 1
3229 1
3230 1
3231 1
3232 1
3233 1
3234 1
3235 1
3236 1
3237 1
3238 1
3239 1
3240 1
3241 1
3242 1
3243 1
3244 1
3245 1
3246 1
3247 1
3248 1
3249 1
3250 1
3251 1
3252 1
3253 1
3254 1
3255 1
3256 1
3257 1
3258 1
3259 1
3260 1
3261 1
3262 1
3263 1
3264 1
3265 1
3266 1
3267 1
3268 1
3269 1
3270 1
3271 1
3272 1
3273 1
3274 1
3275 1
3276 1
3277 1
3278 1
3279 1
3280 1
3281 1
3282 1
3283 1
3284 1
3285 1
3286 1
3287 1
3288 1
3289 1
3290 1
3291 1
3292 1
3293 1
3294 1
3295 1
3296 1
3297 1
3298 1
3299 1
3300 1
3301 1
3302 1
3303 1
3304 1
3305 1
3306 1
3307 1
3308 1
3309 1
3310 1
3311 1
3312 1
3313 1
3314 1
3315 1
3316 1
3317 1
3318 1
3319 1
3320 1
3321 1
3322 1
3323 1
3324 1
3325 1
3326 1
3327 1
3328 0
3329 15
3330 15
3331 9
3332 6
3333 4
3334 3
3335 3
3336 2
3337 2
3338 2
3339 2
3340 2
3341 2
3342 2
3343 1
3344 1
3345 1
3346 1
3347 1
3348 1
3349 1
3350 1
3351 1
3352 1
3353 1
3354 1
3355 1
3356 1
3357 1
3358 1
3359 1
3360 1
3361 1
3362 1
3363 1
3364 1
3365 1
3366 1
3367 1
3368 1
3369 1
3370 1
3371 1
3372 1
3373 1
3374 1
3375 1
3376 1
3377 1
3378 1
3379 1
3380 1
3381 1
3382 1
3383 1
3384 1
3385 1
3386 1
3387 1
3388 1
3389 1
3390 1
3391 1
3392 1
3393 1
3394 1
3395 1
3396 1
3397 1
3398 1
3399 1
3400 1
3401 1
3402 1
3403 1
3404 1
3405 1
3406 1
3407 1
3408 1
3409 1
3410 1
3411 1
3412 1
3413 1
3414 1
3415 1
3416 1
3417 1
3418 1
3419 1
3420 1
3421 1
3422 1
3423 1
3424 1
3425 1
3426 1
3427 1
3428 1
3429 1
3430 1
3431 1
3432 1
3433 1
3434 1
3435 1
3436 1
3437 1
3438 1
3439 1
3440 1
3441 1
3442 1
3443 1
3444 1
3445 1
3446 1
3447 1
3448 1
3449 1
3450 1
3451 1
3452 1
3453 1
3454 1
3455 1
3456 0
3457 15
3458 15
3459 10
3460 6
3461 4
3462 3
3463 3
3464 2
3465 2
3466 2
3467 2
3468 2
3469 2
3470 2
3471 2
3472 2
3473 2
3474 2
3475 1
3476 1
3477 1
3478 1
3479 1
3480 1
3481 1
3482 1
3483 1
3484 1
3485 1
3486 1
3487 1
3488 1
3489 1
3490 1
3491 1
3492 1
3493 1
3494 1
3495 1
3496 1
3497 1
3498 1
3499 1
3500 1
3501 1
3502 1
3503 1
3504 1
3505 1
3506 1
3507 1
3508 1
3509 1
3510 1
3511 1
3512 1
3513 1
3514 1
3515 1
3516 1
3517 1
3518 1
3519 1
3520 1
3521 1
3522 1
3523 1
3524 1
3525 1
3526 1
3527 1
3528 1
3529 1
3530 1
3531 1
3532 1
3533 1
3534 1
3535 1
3536 1
3537 1
3538 1
3539 1
3540 1
3541 1
3542 1
3543 1
3544 1
3545 1
3546 1
3547 1
3548 1
3549 1
3550 1
3551 1
3552 1
3553 1
3554 1
3555 1
3556 1
3557 1
3558 1
3559 1
3560 1
3561 1
3562 1
3563 1
3564 1
3565 1
3566 1
3567 1
3568 1
3569 1
3570 1
3571 1
3572 1
3573 1
3574 1
3575 1
3576 1
3577 1
3578 1
3579 1
3580 1
3581 1
3582 1
3583 1
3584 0
3585 15
3586 15
3587 15
3588 8
3589 4
3590 3
3591 2
3592 2
3593 1
3594 1
3595 1
3596 1
3597 1
3598 1
3599 1
3600 1
3601 1
3602 1
3603 1
3604 1
3605 1
3606 1
3607 1
3608 1
3609 1
3610 1
3611 1
3612 1
3613 1
3614 1
3615 1
3616 1
3617 1
3618 1
3619 1
3620 1
3621 1
3622 1
3623 1
3624 1
3625 1
3626 1
3627 1
3628 1
3629 1
3630 1
3631 1
3632 1
3633 1
3634 1
3635 1
3636 1
3637 1
3638 1
3639 1
3640 1
3641 1
3642 1
3643 1
3644 1
3645 1
3646 1
3647 1
3648 1
3649 1
3650 1
3651 1
3652 1
3653 1
3654 1
3655 1
3656 1
3657 1
3658 1
3659 1
3660 1
3661 1
3662 1
3663 1
3664 1
3665 1
3666 1
3667 1
3668 1
3669 1
3670 1
3671 1
3672 1
3673 1
3674 1
3675 1
3676 1
3677 1
3678 1
3679 1
3680 1
3681 1
3682 1
3683 1
3684 1
3685 1
3686 1
3687 1
3688 1
3689 1
3690 1
3691 1
3692 1
3693 1
3694 1
3695 1
3696 1
3697 1
3698 1
3699 1
3700 1
3701 1
3702 1
3703 1
3704 1
3705 1
3706 1
3707 1
3708 1
3709 1
3710 1
3711 1
3712 0
3713 0
3714 0
3715 0
3716 0
3717 0
3718 0
3719 0
3720 0
3721 0
3722 0
3723 0
3724 0
3725 0
3726 0
3727 0
3728 0
3729 0
3730 0
3731 0
3732 0
3733 0
3734 0
3735 0
3736 0
3737 0
3738 0
3739 0
3740 0
3741 0
3742 0
3743 0
3744 0
3745 0
3746 0
3747 0
3748 0
3749 0
3750 0
3751 0
3752 0
3753 0
3754 0
3755 0
3756 0
3757 0
3758 0
3759 0
3760 0
3761 0
3762 0
3763 0
3764 0
3765 0
3766 0
3767 0
3768 0
3769 0
3770 0
3771 0
3772 0
3773 0
3774 0
3775 0
3776 0
3777 0
3778 0
3779 0
3780 0
3781 0
3782 0
3783 0
3784 0
3785 0
3786 0
3787 0
3788 0
3789 0
3790 0
3791 0
3792 0
3793 0
3794 0
3795 0
3796 0
3797 0
3798 0
3799 0
3800 0
3801 0
3802 0
3803 0
3804 0
3805 0
3806 0
3807 0
3808 0
3809 0
3810 0
3811 0
3812 0
3813 0
3814 0
3815 0
3816 0
3817 0
3818 0
3819 0
3820 0
3821 0
3822 0
3823 0
3824 0
3825 0
3826 0
3827 0
3828 0
3829 0
3830 0
3831 0
3832 0
3833 0
3834 0
3835 0
3836 0
3837 0
3838 0
3839 0
3840 0
3841 0
3842 0
3843 0
3844 0
3845 0
3846 0
3847 0
3848 0
3849 0
3850 0
3851 0
3852 0
3853 0
3854 0
3855 0
3856 0
3857 0
3858 0
3859 0
3860 0
3861 0
3862 0
3863 0
3864 0
3865 0
3866 0
3867 0
3868 0
3869 0
3870 0
3871 0
3872 0
3873 0
3874 0
3875 0
3876 0
3877 0
3878 0
3879 0
3880 0
3881 0
3882 0
3883 0
3884 0
3885 0
3886 0
3887 0
3888 0
3889 0
3890 0
3891 0
3892 0
3893 0
3894 0
3895 0
3896 0
3897 0
3898 0
3899 0
3900 0
3901 0
3902 0
3903 0
3904 0
3905 0
3906 0
3907 0
3908 0
3909 0
3910 0
3911 0
3912 0
3913 0
3914 0
3915 0
3916 0
3917 0
3918 0
3919 0
3920 0
3921 0
3922 0
3923 0
3924 0
3925 0
3926 0
3927 0
3928 0
3929 0
3930 0
3931 0
3932 0
3933 0
3934 0
3935 0
3936 0
3937 0
3938 0
3939 0
3940 0
3941 0
3942 0
3943 0
3944 0
3945 0
3946 0
3947 0
3948 0
3949 0
3950 0
3951 0
3952 0
3953 0
3954 0
3955 0
3956 0
3957 0
3958 0
3959 0
3960 0
3961 0
3962 0
3963 0
3964 0
3965 0
3966 0
3967 0
3968 0
3969 0
3970 0
3971 0
3972 0
3973 0
3974 0
3975 0
3976 0
3977 0
3978 0
3979 0
3980 0
3981 0
3982 0
3983 0
3984 0
3985 0
3986 0
3987 0
3988 0
3989 0
3990 0
3991 0
3992 0
3993 0
3994 0
3995 0
3996 0
3997 0
3998 0
3999 0
4000 0
4001 0
4002 0
4003 0
4004 0
4005 0
4006 0
4007 0
4008 0
4009 0
4010 0
4011 0
4012 0
4013 0
4014 0
4015 0
4016 0
4017 0
4018 0
4019 0
4020 0
4021 0
4022 0
4023 0
4024 0
4025 0
4026 0
4027 0
4028 0
4029 0
4030 0
4031 0
4032 0
4033 0
4034 0
4035 0
4036 0
4037 0
4038 0
4039 0
4040 0
4041 0
4042 0
4043 0
4044 0
4045 0
4046 0
4047 0
4048 0
4049 0
4050 0
4051 0
4052 0
4053 0
4054 0
4055 0
4056 0
4057 0
4058 0
4059 0
4060 0
4061 0
4062 0
4063 0
4064 0
4065 0
4066 0
4067 0
4068 0
4069 0
4070 0
4071 0
4072 0
4073 0
4074 0
4075 0
4076 0
4077 0
4078 0
4079 0
4080 0
4081 0
4082 0
4083 0
4084 0
4085 0
4086 0
4087 0
4088 0
4089 0
4090 0
4091 0
4092 0
4093 0
4094 0
4095 0
